              precision    recall  f1-score   support

           0       0.99      1.00      0.99      1620
           1       1.00      1.00      1.00      1800
           2       0.99      0.99      0.99       720
           3       0.99      0.99      0.99       640
           4       0.99      0.97      0.98       280
           5       1.00      1.00      1.00       100

    accuracy                           0.99      5160
   macro avg       0.99      0.99      0.99      5160
weighted avg       0.99      0.99      0.99      5160
