              precision    recall  f1-score   support

           0       0.96      0.98      0.97      1620
           1       0.98      0.98      0.98      2000
           2       0.98      0.96      0.97       620
           3       0.99      0.95      0.97       560
           4       1.00      0.98      0.99       280
           5       1.00      1.00      1.00       100

    accuracy                           0.98      5180
   macro avg       0.99      0.98      0.98      5180
weighted avg       0.98      0.98      0.98      5180
