              precision    recall  f1-score   support

           0       0.92      0.97      0.95      1380
           1       0.96      0.98      0.97      1680
           2       0.93      0.84      0.88       400
           3       0.79      0.89      0.84       500
           4       0.99      0.72      0.83       260
           5       1.00      0.24      0.38        80

    accuracy                           0.92      4300
   macro avg       0.93      0.77      0.81      4300
weighted avg       0.93      0.92      0.92      4300
