              precision    recall  f1-score   support

           0       1.00      1.00      1.00      1620
           1       1.00      1.00      1.00      2000
           2       1.00      1.00      1.00       620
           3       1.00      1.00      1.00       560
           4       1.00      1.00      1.00       280
           5       1.00      1.00      1.00       100

    accuracy                           1.00      5180
   macro avg       1.00      1.00      1.00      5180
weighted avg       1.00      1.00      1.00      5180
