              precision    recall  f1-score   support

           0       0.69      0.96      0.80      1620
           1       0.91      0.89      0.90      2000
           2       0.97      0.69      0.81       620
           3       0.77      0.63      0.69       560
           4       0.00      0.00      0.00       280
           5       1.00      0.69      0.82       100

    accuracy                           0.81      5180
   macro avg       0.72      0.64      0.67      5180
weighted avg       0.78      0.81      0.78      5180
