              precision    recall  f1-score   support

           0       0.92      0.97      0.95      1620
           1       0.97      0.98      0.97      1800
           2       0.79      0.92      0.85       720
           3       0.74      0.91      0.82       640
           4       1.00      0.07      0.13       280
           5       0.00      0.00      0.00       100

    accuracy                           0.89      5160
   macro avg       0.74      0.64      0.62      5160
weighted avg       0.88      0.89      0.86      5160
