              precision    recall  f1-score   support

           0       0.93      0.94      0.93      1420
           1       0.94      0.97      0.95      1820
           2       0.90      0.82      0.86       520
           3       0.88      0.88      0.88       520
           4       0.90      0.83      0.86       320
           5       1.00      1.00      1.00       100

    accuracy                           0.92      4700
   macro avg       0.92      0.91      0.91      4700
weighted avg       0.92      0.92      0.92      4700
