              precision    recall  f1-score   support

           0       1.00      1.00      1.00      1620
           1       1.00      1.00      1.00      1800
           2       1.00      1.00      1.00       720
           3       1.00      1.00      1.00       640
           4       1.00      1.00      1.00       280
           5       1.00      1.00      1.00       100

    accuracy                           1.00      5160
   macro avg       1.00      1.00      1.00      5160
weighted avg       1.00      1.00      1.00      5160
