              precision    recall  f1-score   support

           0       0.99      0.99      0.99      1620
           1       0.99      1.00      1.00      2000
           2       0.99      0.98      0.98       620
           3       0.99      0.99      0.99       560
           4       0.99      0.99      0.99       280
           5       1.00      1.00      1.00       100

    accuracy                           0.99      5180
   macro avg       0.99      0.99      0.99      5180
weighted avg       0.99      0.99      0.99      5180
