              precision    recall  f1-score   support

           0       0.90      0.92      0.91      1620
           1       0.91      0.95      0.93      2000
           2       0.91      0.84      0.88       620
           3       0.92      0.81      0.86       560
           4       0.97      0.90      0.94       280
           5       1.00      1.00      1.00       100

    accuracy                           0.91      5180
   macro avg       0.93      0.90      0.92      5180
weighted avg       0.91      0.91      0.91      5180
