              precision    recall  f1-score   support

           0       0.92      0.96      0.94      1620
           1       0.98      0.98      0.98      2000
           2       0.82      0.91      0.86       620
           3       0.84      0.92      0.88       560
           4       1.00      0.49      0.66       280
           5       1.00      0.35      0.52       100

    accuracy                           0.92      5180
   macro avg       0.93      0.77      0.81      5180
weighted avg       0.93      0.92      0.92      5180
