              precision    recall  f1-score   support

           0       0.91      0.95      0.93      1620
           1       0.95      0.96      0.95      2000
           2       0.95      0.88      0.91       620
           3       0.93      0.90      0.91       560
           4       0.97      0.90      0.94       280
           5       1.00      1.00      1.00       100

    accuracy                           0.94      5180
   macro avg       0.95      0.93      0.94      5180
weighted avg       0.94      0.94      0.94      5180
