              precision    recall  f1-score   support

           0       1.00      1.00      1.00      1380
           1       1.00      1.00      1.00      1680
           2       1.00      1.00      1.00       400
           3       1.00      1.00      1.00       500
           4       1.00      1.00      1.00       260
           5       1.00      1.00      1.00        80

    accuracy                           1.00      4300
   macro avg       1.00      1.00      1.00      4300
weighted avg       1.00      1.00      1.00      4300
